"SNP"	"Beta"	"SE"	"PVAL"	"Locus"
"1:25561667:A:G"	0.0482091	0.0083363205	7.33652e-09	1
"1:25570081:C:T"	-0.0226088	0.0068685564	0.000996055	1
"1:25584976:A:G"	0.00114432	0.010224761	0.91089	1
"1:25710410:T:A"	0.117924	0.1095876	0.281895	1
"1:25768937:G:A"	0.0343932	0.0061131794	1.84374e-08	1
"1:25732087:A:G"	-0.0359966	0.0065445883	3.79347e-08	1
"1:25674785:T:C"	0.0180634	0.0066342473	0.00647417	2
"1:25736369:T:C"	0.0309875	0.0066678669	3.36354e-06	2
"1:25877492:T:C"	0.0513186	0.022476102	0.0224154	2
"1:25889422:T:C"	0.0110791	0.0092368513	0.230357	2
"1:25889632:C:T"	0.010346	0.0092404361	0.262868	2
"1:25561667:A:G"	-0.0119462	0.0083731757	0.153661	3
"1:25570081:C:T"	0.031706	0.0068989307	4.31146e-06	3
"1:25584976:A:G"	0.0637866	0.010270378	5.27373e-10	3
"1:25710410:T:A"	-0.322937	0.11107384	0.00364438	3
"1:25768937:G:A"	-0.0366647	0.0061402432	2.35516e-09	3
"1:25732087:A:G"	0.0374927	0.0065735415	1.17325e-08	3
"1:47676233:G:A"	-0.0348206	0.0062109872	2.06715e-08	5
"1:47681761:A:G"	-0.0363802	0.0061778733	3.89003e-09	5
"1:47693220:G:A"	-0.0374232	0.0061908005	1.49426e-09	5
"1:91986482:A:G"	0.0138101	0.0084218328	0.101047	6
"1:92554283:A:G"	-0.224996	0.020821968	3.23518e-27	6
"1:92753336:C:T"	-0.386041	0.03127101	5.18107e-35	6
"1:92766438:A:G"	0.140732	0.035094246	6.06912e-05	6
"1:92878407:T:C"	0.146961	0.034571213	2.12865e-05	6
"1:92981236:G:T"	0.0856787	0.047738394	0.0726925	6
"1:93016228:C:T"	0.0496374	0.0086085931	8.11688e-09	6
"1:93716974:T:G"	0.026423	0.0071768961	0.000231702	6
"1:93738515:AAG:A"	0.0261958	0.0071853017	0.000266618	6
"1:150280550:A:G"	0.00372808	0.012109059	0.758177	7
"1:150484004:A:G"	0.00180558	0.012278903	0.883095	7
"1:150522242:C:T"	-0.0184657	0.0082419847	0.0250618	7
"1:150550924:C:T"	-0.0423891	0.03038941	0.163057	7
"1:150574695:G:C"	0.0260537	0.0068835442	0.000153755	7
"1:150584103:T:G"	0.0610469	0.008343415	2.5397e-13	7
"1:150595537:T:G"	0.0623717	0.0086798021	6.67891e-13	7
"1:150651175:T:C"	0.0243547	0.0068524127	0.000379157	7
"1:150696792:T:TCTTCTGCAG"	0.0240112	0.0068722382	0.000475943	7
"1:151122489:T:C"	0.0162465	0.0072135499	0.0243078	7
"1:154291255:C:G"	-0.0013945	0.0075440952	0.85335	8
"1:155162067:T:C"	-0.0361051	0.0069707299	2.22453e-07	8
"1:155178782:T:A"	-0.0438236	0.0076418129	9.76786e-09	8
"1:154291255:C:G"	0.0142589	0.0073879252	0.0536043	9
"1:155162067:T:C"	-0.035671	0.0068265443	1.73844e-07	9
"1:155178782:T:A"	-0.0421022	0.0074838536	1.84695e-08	9
"1:203281175:C:G"	0.0267252	0.0072200602	0.000214316	10
"1:203650945:T:C"	-0.0904522	0.010235614	9.83203e-19	10
"1:203655121:G:A"	-0.0869889	0.010026872	4.11477e-18	10
"1:203658782:G:A"	-0.0877273	0.010027314	2.1557e-18	10
"1:203660781:G:A"	-0.0884753	0.010042712	1.25263e-18	10
"1:203281175:C:G"	0.0191416	0.0072485304	0.00827223	11
"1:203650945:T:C"	-0.080454	0.010276404	4.9176e-15	11
"1:203655121:G:A"	-0.0791696	0.010066165	3.69341e-15	11
"1:203658782:G:A"	-0.0778408	0.010067117	1.0572e-14	11
"1:203660781:G:A"	-0.0790792	0.010082403	4.38892e-15	11
"2:31464385:A:T"	-0.0566972	0.0069618975	3.82622e-16	12
"2:31464829:G:A"	-0.0587827	0.0072177673	3.8199e-16	12
"2:31477838:A:G"	-0.0680519	0.0074366583	5.64604e-20	12
"2:31482300:G:A"	-0.0479581	0.0085400014	1.95751e-08	12
"2:181907725:G:A"	0.00537495	0.0078129273	0.491481	13
"2:181985765:T:A"	0.0185592	0.0079945637	0.0202616	13
"2:182012014:C:A"	0.01172	0.0071997869	0.103563	13
"2:182020696:C:T"	0.0120322	0.0072134459	0.0953122	13
"2:182157839:G:A"	-0.0262743	0.0070898856	0.000210639	13
"2:182308352:G:A"	-0.112575	0.0068856771	4.4063e-60	13
"2:182319301:T:C"	-0.109446	0.0068292949	8.40926e-58	13
"2:182323665:T:C"	-0.0683122	0.015534753	1.09569e-05	13
"2:182323766:A:G"	-0.114014	0.0069323129	8.85894e-61	13
"2:182324186:C:CTT"	-0.113572	0.006922571	1.72927e-60	13
"2:182329460:T:C"	0.0824771	0.0088970346	1.85828e-20	13
"2:182149942:T:C"	-0.0171077	0.0069886086	0.014368	13
"2:182373429:A:AAAAT"	-0.00985002	0.0074096577	0.183733	13
"3:46173072:C:G"	-0.0161718	0.011021688	0.142301	14
"3:46250652:T:C"	0.00189521	0.0077041009	0.805682	14
"3:46298373:T:G"	-0.0167779	0.013178356	0.202969	14
"3:46354619:G:A"	0.016258	0.020053543	0.417521	14
"3:46357584:A:G"	0.0160779	0.020047593	0.422559	14
"3:46364860:A:G"	0.00761177	0.017134143	0.656865	14
"3:46383922:C:T"	-0.00317448	0.011871592	0.78916	14
"3:46399208:A:G"	-0.00306124	0.011846208	0.796087	14
"3:46406367:T:C"	0.01443	0.0069731117	0.0385099	14
"3:46412559:T:C"	-0.00354783	0.011834586	0.764341	14
"3:46449978:C:A"	0.015809	0.0071221013	0.0264379	14
"3:46462909:A:G"	-0.0129852	0.010103837	0.198731	14
"3:47001990:T:A"	-0.0213448	0.007501988	0.00443799	14
"3:47087837:A:T"	-0.0496315	0.0073013486	1.06411e-11	14
"3:47249075:TA:T"	0.0364728	0.0088006477	3.40792e-05	14
"3:47262246:A:C"	0.018261	0.007267125	0.011977	14
"3:47282303:A:G"	-0.0182876	0.0070963255	0.00996489	14
"3:46378254:G:GT"	-0.0169789	0.012758243	0.183249	14
"3:47070973:CA:C"	0.0383211	0.0103638	0.000217658	14
"3:46173072:C:G"	-0.00602824	0.010210771	0.554935	15
"3:46250652:T:C"	0.0065898	0.0071021718	0.353483	15
"3:46298373:T:G"	-0.0197149	0.012173284	0.105335	15
"3:46354619:G:A"	-0.0206979	0.018401329	0.260672	15
"3:46357584:A:G"	-0.0207074	0.018396049	0.260317	15
"3:46364860:A:G"	-0.0032295	0.015934097	0.839386	15
"3:46383922:C:T"	0.0118823	0.010980721	0.279207	15
"3:46399208:A:G"	0.0119408	0.010955926	0.27576	15
"3:46406367:T:C"	-0.00529654	0.0064405186	0.410862	15
"3:46412559:T:C"	0.0162766	0.010945194	0.136989	15
"3:46449978:C:A"	-0.00319047	0.0065785578	0.62769	15
"3:46462909:A:G"	-0.00402905	0.0093172332	0.665429	15
"3:47001990:T:A"	-0.018272	0.0069359672	0.00842923	15
"3:47087837:A:T"	-0.0345573	0.00674946	3.05485e-07	15
"3:47249075:TA:T"	0.0220115	0.0081192556	0.00670774	15
"3:47262246:A:C"	0.0171258	0.0067220564	0.0108436	15
"3:47282303:A:G"	-0.0169673	0.0065632732	0.00973291	15
"3:46378254:G:GT"	-0.0197821	0.011820568	0.0942232	15
"3:47070973:CA:C"	0.0205695	0.0095698359	0.031602	15
"3:52540773:C:T"	-0.0300971	0.0070302229	1.85977e-05	16
"3:52567617:G:A"	0.0331231	0.006983289	2.10359e-06	16
"3:52833805:A:C"	0.0306802	0.0065921316	3.25454e-06	16
"3:52540773:C:T"	-0.0289269	0.0071268218	4.93104e-05	17
"3:52567617:G:A"	0.0333261	0.007079195	2.50639e-06	17
"3:52833805:A:C"	0.0343986	0.0066827052	2.64089e-07	17
"3:128150770:G:C"	-0.00431054	0.0089607341	0.630483	18
"3:128198104:A:G"	0.021045	0.0073232175	0.00405644	18
"3:128260550:T:C"	-0.0318524	0.0088195865	0.000304371	18
"3:128297569:C:G"	0.0803364	0.0071724178	4.04297e-29	18
"3:128301085:C:T"	-0.0128175	0.013070238	0.326758	18
"3:128301390:C:T"	0.0154624	0.011890182	0.193453	18
"3:128305302:G:A"	-0.0674992	0.007095973	1.86463e-21	18
"3:128306418:C:T"	-0.074025	0.0072309717	1.35066e-24	18
"3:128306757:A:G"	-0.00939695	0.010882269	0.387857	18
"3:128308884:T:C"	-0.0738604	0.0071901064	9.37386e-25	18
"3:128310589:T:G"	-0.0738503	0.0071650175	6.54556e-25	18
"3:128316435:G:A"	-0.00960813	0.010725517	0.370349	18
"3:128317997:A:G"	0.0108591	0.010705458	0.310414	18
"3:128319846:TC:T"	-0.00803938	0.01362667	0.555208	18
"3:128320345:G:T"	0.0107463	0.010768227	0.318298	18
"3:128323424:C:G"	0.0890761	0.0080983463	3.85223e-28	18
"3:128336298:T:G"	-0.00904824	0.0099205365	0.361733	18
"3:128349376:G:T"	0.142537	0.020292414	2.15385e-12	18
"3:128391222:A:T"	0.00264136	0.0079219215	0.738814	18
"3:128412024:G:A"	0.0225544	0.013161999	0.0866026	18
"3:129286413:C:G"	-0.000518825	0.0092273906	0.955161	18
"3:195792870:A:C"	-0.0360735	0.0062364358	7.2816e-09	20
"3:195800547:T:C"	-0.037173	0.0062633488	2.93848e-09	20
"3:195807625:C:T"	-0.0373071	0.0063482793	4.1847e-09	20
"3:195809139:A:G"	-0.033433	0.0062640157	9.43387e-08	20
"3:195810187:C:T"	0.0455814	0.0073008155	4.28395e-10	20
"3:195813757:T:C"	-0.0432886	0.0076560885	1.56613e-08	20
"3:195816195:T:C"	0.0431524	0.0062655071	5.68525e-12	20
"3:195834303:C:T"	-0.0456333	0.0065522212	3.29463e-12	20
"3:195834357:C:G"	-0.0456853	0.0065533376	3.1407e-12	20
"3:195902930:C:T"	-0.0320613	0.0072130816	8.7938e-06	20
"3:195906747:G:A"	0.0434601	0.0084963933	3.13543e-07	20
"3:195907653:C:T"	0.0516246	0.010510804	9.03491e-07	20
"3:195908711:C:T"	0.0555997	0.010214432	5.23158e-08	20
"3:195911575:AT:A"	0.0565845	0.010351795	4.59921e-08	20
"3:195917964:T:C"	0.05695	0.01040455	4.41067e-08	20
"3:195921311:A:G"	0.0548121	0.010450391	1.56299e-07	20
"3:195922427:G:A"	-0.0485216	0.0081696009	2.86296e-09	20
"3:195924036:T:C"	0.0465345	0.010811874	1.67729e-05	20
"3:195803322:C:CT"	-0.0402046	0.0064333505	4.1206e-10	20
"3:195821029:G:GT"	0.0515804	0.0074094381	3.3682e-12	20
"3:195830380:T:A"	-0.0421102	0.0072118332	5.2506e-09	20
"3:195854982:C:G"	-0.0255578	0.0093443098	0.00623573	20
"5:127357526:T:C"	0.149849	0.0071561471	2.31784e-97	22
"5:127364126:A:C"	-0.0820422	0.010217813	9.80111e-16	22
"5:127371588:G:A"	0.0675009	0.0062642512	4.48995e-27	22
"5:127418850:G:C"	-0.15264	0.0071935201	6.37548e-100	22
"5:127522543:T:C"	-0.0640254	0.0076098289	3.97891e-17	22
"5:148198999:T:C"	-0.00433516	0.006914147	0.530661	23
"5:148200011:C:T"	-0.00459033	0.0068839233	0.504888	23
"5:148200553:A:G"	-0.00174108	0.0069311117	0.801661	23
"5:148206473:C:G"	-0.00292772	0.0068675659	0.669881	23
"5:149433400:GC:G"	-0.0185628	0.0073308946	0.0113372	23
"5:149464108:T:C"	-0.0205715	0.0077064164	0.007599	23
"5:149467663:A:G"	-0.0221897	0.0075198713	0.00316934	23
"5:149498871:A:AG"	0.0504517	0.0085132466	3.09889e-09	23
"5:149499672:C:T"	0.051815	0.0083704423	6.00698e-10	23
"6:10526373:A:T"	0.0357115	0.007060302	4.23548e-07	24
"6:25821770:T:C"	-0.111709	0.010935607	1.69611e-24	25
"6:25842951:G:T"	-0.150221	0.012890867	2.20752e-31	25
"6:25933932:T:A"	-0.0362343	0.0095520107	0.000148623	25
"6:26072992:T:C"	-0.168994	0.013231941	2.36092e-37	25
"6:26091179:G:C"	-0.108024	0.008826359	1.9292e-34	25
"6:26092170:T:G"	-0.107416	0.0087845673	2.20775e-34	25
"6:26093141:A:G"	-0.168134	0.013172593	2.6084e-37	25
"6:26098474:C:T"	-0.168387	0.013214613	3.43159e-37	25
"6:26104632:G:T"	0.108019	0.0088278395	1.99332e-34	25
"6:26107463:G:A"	0.10628	0.0086772413	1.7181e-34	25
"6:26114508:A:G"	0.105143	0.0086868897	1.00979e-33	25
"6:26125342:T:C"	0.105072	0.009146453	1.51929e-30	25
"6:25821770:T:C"	-0.144796	0.010611577	2.15966e-42	26
"6:25842951:G:T"	-0.199268	0.012508913	3.9168e-57	26
"6:25933932:T:A"	-0.0280228	0.0092689573	0.0025005	26
"6:26072992:T:C"	-0.224615	0.012839871	1.60424e-68	26
"6:26091179:G:C"	-0.12805	0.0085648703	1.54147e-50	26
"6:26092170:T:G"	-0.125429	0.0085242045	5.21192e-49	26
"6:26093141:A:G"	-0.224732	0.012782281	3.41148e-69	26
"6:26098474:C:T"	-0.225034	0.012823061	6.03579e-69	26
"6:26104632:G:T"	0.128382	0.0085662643	8.94777e-51	26
"6:26107463:G:A"	0.123775	0.0084201308	6.45017e-49	26
"6:26114508:A:G"	0.12319	0.0084294999	2.28207e-48	26
"6:26125342:T:C"	0.124141	0.0088753983	1.86862e-44	26
"6:25821770:T:C"	0.105353	0.010658027	4.84332e-23	27
"6:25842951:G:T"	0.150809	0.012563193	3.38293e-33	27
"6:25933932:T:A"	0.0270601	0.0093092534	0.0036514	27
"6:26072992:T:C"	0.1687	0.012895588	4.17208e-39	27
"6:26091179:G:C"	0.146085	0.0086022245	1.11026e-64	27
"6:26092170:T:G"	0.145312	0.0085614239	1.30227e-64	27
"6:26093141:A:G"	0.169584	0.012837762	7.70639e-40	27
"6:26098474:C:T"	0.169782	0.012878715	1.0967e-39	27
"6:26104632:G:T"	-0.146056	0.0086036307	1.2322e-64	27
"6:26107463:G:A"	-0.139649	0.0084568027	2.94982e-61	27
"6:26114508:A:G"	-0.13935	0.0084662535	7.16449e-61	27
"6:26125342:T:C"	-0.137902	0.008914086	5.52533e-54	27
"6:27861670:A:G"	-0.0915342	0.013555499	1.45261e-11	28
"6:28042274:T:C"	-0.00196324	0.01619567	0.903517	28
"6:28117602:CT:C"	0.00974786	0.0091754062	0.288059	28
"6:27861670:A:G"	-0.114308	0.013153827	3.62152e-18	29
"6:28042274:T:C"	0.0425385	0.015715783	0.00679485	29
"6:28117602:CT:C"	0.0278208	0.0089035302	0.00177996	29
"6:27861670:A:G"	0.105638	0.01321093	1.28244e-15	30
"6:28042274:T:C"	0.00173048	0.015783974	0.912699	30
"6:28117602:CT:C"	-0.000744759	0.0089422243	0.933624	30
"6:32975014:C:T"	-0.0113607	0.0062519928	0.0691965	31
"6:33006222:A:G"	0.00689963	0.0068240288	0.311979	31
"6:33496714:G:T"	0.00775229	0.0065626702	0.237497	31
"6:33524820:C:T"	-0.0804642	0.013797709	5.48637e-09	31
"6:33525680:C:T"	-0.0514008	0.0067200688	2.0275e-14	31
"6:33540209:G:A"	-0.0904784	0.0072327499	6.61981e-36	31
"6:33541719:G:A"	-0.0743808	0.0066252807	3.01097e-29	31
"6:33546498:T:C"	-0.0955525	0.0080296777	1.18476e-32	31
"6:33546837:C:T"	-0.0902399	0.0072344243	1.03956e-35	31
"6:33546930:C:T"	-0.0902262	0.0072341626	1.05861e-35	31
"6:33548394:T:G"	-0.0943592	0.0080328382	7.34135e-32	31
"6:33552707:C:A"	-0.0955593	0.008045117	1.5408e-32	31
"6:33540692:A:T"	-0.0904197	0.0072401859	8.61783e-36	31
"6:41852187:G:T"	-0.0804837	0.01870372	1.68437e-05	32
"6:41852616:A:T"	-0.0454714	0.013739755	0.000934703	32
"6:41877671:A:G"	-0.170718	0.049821639	0.000611243	32
"6:41905275:A:G"	0.126727	0.0071008606	3.06143e-71	32
"6:41906661:G:A"	-0.113153	0.0080011522	2.09296e-45	32
"6:41907855:C:G"	0.126336	0.0070934563	5.88994e-71	32
"6:41914378:G:A"	0.118109	0.0068747895	3.74628e-66	32
"6:41921241:T:G"	-0.11664	0.0081172784	8.06912e-47	32
"6:41924998:T:C"	-0.444282	0.040469937	4.87167e-28	32
"6:41925159:A:G"	0.127441	0.0070873731	2.72216e-72	32
"6:41925290:A:T"	-0.105681	0.0074856463	2.95018e-45	32
"6:41926935:C:T"	0.129198	0.0071570178	7.62506e-73	32
"6:41983431:G:A"	-0.126549	0.0087655479	3.0232e-47	32
"6:41987544:C:G"	0.134171	0.0092651787	1.59423e-47	32
"6:42014304:T:C"	0.0552908	0.014234713	0.000102657	32
"6:41919175:C:CCAGCTACT"	0.048048	0.0061083997	3.6655e-15	32
"6:41920996:T:C"	-0.0555216	0.0069340915	1.17485e-15	32
"6:41852187:G:T"	0.0529446	0.019274025	0.00601536	33
"6:41852616:A:T"	0.0184795	0.014158691	0.191835	33
"6:41877671:A:G"	0.111695	0.051340764	0.0295874	33
"6:41905275:A:G"	-0.0779319	0.0073173766	1.73858e-26	33
"6:41906661:G:A"	0.0661847	0.0082451106	9.9793e-16	33
"6:41907855:C:G"	-0.0778558	0.0073097278	1.72498e-26	33
"6:41914378:G:A"	-0.0712246	0.0070844108	8.84546e-24	33
"6:41921241:T:G"	0.0665601	0.0083647709	1.76027e-15	33
"6:41924998:T:C"	0.241553	0.041703853	6.95148e-09	33
"6:41925159:A:G"	-0.0810697	0.0073034816	1.25223e-28	33
"6:41925290:A:T"	0.0622152	0.0077139066	7.30394e-16	33
"6:41926935:C:T"	-0.0815765	0.0073752296	1.94239e-28	33
"6:41983431:G:A"	0.0739763	0.0090327709	2.61765e-16	33
"6:41987544:C:G"	-0.0781131	0.0095477243	2.80697e-16	33
"6:42014304:T:C"	-0.0498991	0.014668736	0.000669614	33
"6:41919175:C:CCAGCTACT"	-0.0321496	0.0062946527	3.2657e-07	33
"6:41920996:T:C"	0.031373	0.0071455112	1.13044e-05	33
"6:41852187:G:T"	0.0248016	0.018795933	0.186995	34
"6:41852616:A:T"	0.0125154	0.013806701	0.364687	34
"6:41877671:A:G"	0.147781	0.050064082	0.00315883	34
"6:41905275:A:G"	-0.067356	0.0071355178	3.74309e-21	34
"6:41906661:G:A"	0.0646029	0.008040201	9.35736e-16	34
"6:41907855:C:G"	-0.0666493	0.007128041	8.74032e-21	34
"6:41914378:G:A"	-0.0627893	0.0069083197	1.00013e-19	34
"6:41921241:T:G"	0.0652735	0.008156873	1.22132e-15	34
"6:41924998:T:C"	0.136629	0.040666772	0.000780193	34
"6:41925159:A:G"	-0.0665726	0.0071219491	8.97478e-21	34
"6:41925290:A:T"	0.0584914	0.0075221905	7.49345e-15	34
"6:41926935:C:T"	-0.0665857	0.0071919163	2.0756e-20	34
"6:41983431:G:A"	0.0568471	0.0088083997	1.09115e-10	34
"6:41987544:C:G"	-0.0563124	0.0093103801	1.46317e-09	34
"6:42014304:T:C"	-0.0157478	0.014304023	0.270925	34
"6:41919175:C:CCAGCTACT"	-0.0241354	0.0061382456	8.42563e-05	34
"6:41920996:T:C"	0.0314106	0.0069682526	6.55426e-06	34
"6:109304058:G:A"	-0.0302519	0.0095418026	0.00152195	35
"6:109583799:A:G"	0.0310632	0.0090087655	0.000564529	35
"6:109590004:G:A"	0.0514342	0.0062165472	1.29772e-16	35
"6:109602790:A:G"	0.0205765	0.0073660484	0.00521546	35
"6:109608497:T:C"	0.0464746	0.006164392	4.728e-14	35
"6:109616420:C:T"	0.0535864	0.0061834506	4.47232e-18	35
"6:109617070:C:T"	0.0537597	0.0061934077	3.95185e-18	35
"6:109626965:A:G"	0.053553	0.0062165086	7.01426e-18	35
"6:109632799:G:A"	0.0535077	0.0062099073	6.90176e-18	35
"6:109634599:T:C"	0.0534598	0.0062126851	7.63519e-18	35
"6:109634828:G:A"	0.0470878	0.0065544544	6.76636e-13	35
"6:109304058:G:A"	0.042524	0.0094555495	6.88327e-06	36
"6:109583799:A:G"	-0.0415999	0.0089272961	3.16459e-06	36
"6:109590004:G:A"	-0.068214	0.0061603287	1.69405e-28	36
"6:109602790:A:G"	-0.0258278	0.0072994832	0.00040268	36
"6:109608497:T:C"	-0.0596236	0.0061086609	1.66293e-22	36
"6:109616420:C:T"	-0.0677092	0.0061275636	2.19355e-28	36
"6:109617070:C:T"	-0.0683283	0.0061373791	8.65555e-29	36
"6:109626965:A:G"	-0.0683664	0.0061602908	1.28385e-28	36
"6:109632799:G:A"	-0.0680645	0.0061537325	1.94672e-28	36
"6:109634599:T:C"	-0.0680099	0.0061564982	2.2711e-28	36
"6:109634828:G:A"	-0.0613716	0.0064951936	3.42873e-21	36
"6:109304058:G:A"	0.0125453	0.009501639	0.186726	37
"6:109583799:A:G"	0.0653007	0.0089707017	3.35458e-13	37
"6:109590004:G:A"	0.0563651	0.0061902256	8.58674e-20	37
"6:109602790:A:G"	0.0327568	0.0073349813	7.97557e-06	37
"6:109608497:T:C"	0.0486357	0.0061382832	2.31245e-15	37
"6:109616420:C:T"	0.0555635	0.0061573322	1.8136e-19	37
"6:109617070:C:T"	0.0559287	0.0061672053	1.20393e-19	37
"6:109626965:A:G"	0.0559034	0.0061901873	1.70158e-19	37
"6:109632799:G:A"	0.0557472	0.0061836036	1.96331e-19	37
"6:109634599:T:C"	0.0557172	0.0061863961	2.12937e-19	37
"6:109634828:G:A"	0.0338479	0.0065267335	2.14833e-07	37
"6:135368314:A:G"	0.0291352	0.0062943357	3.6777e-06	38
"6:135382980:G:T"	0.0472722	0.0065158465	4.01754e-13	38
"6:135392100:A:C"	0.0321614	0.0063832096	4.69328e-07	38
"6:135402339:C:T"	0.151833	0.0073245585	1.88784e-95	38
"6:135406178:G:T"	0.151047	0.0072619004	4.33179e-96	38
"6:135411228:C:T"	0.151057	0.0071947104	7.20936e-98	38
"6:135412636:C:T"	-0.106669	0.010813184	5.91942e-23	38
"6:135415208:A:G"	-0.0930473	0.0072498441	1.05184e-37	38
"6:135418916:G:A"	0.152174	0.0071602463	3.12138e-100	38
"6:135419018:C:T"	0.158354	0.0074416943	1.76522e-100	38
"6:135419631:G:A"	0.15432	0.0072571574	2.41774e-100	38
"6:135421176:T:C"	0.155877	0.0072958618	2.8201e-101	38
"6:135423209:C:T"	0.147611	0.0070566152	3.6637e-97	38
"6:135426573:G:A"	0.148706	0.0070847119	8.1489e-98	38
"6:135427144:A:C"	0.147044	0.0070617978	2.7124e-96	38
"6:135427159:C:T"	0.148546	0.0070747375	7.03062e-98	38
"6:135427817:A:G"	0.148767	0.0070749377	3.68988e-98	38
"6:135431640:C:T"	0.147144	0.0072702422	4.41508e-91	38
"6:135432552:C:T"	0.14342	0.0074997375	1.61274e-81	38
"6:135435501:C:T"	0.127764	0.0073138979	2.48361e-68	38
"6:135437386:C:T"	-0.0874838	0.0074568991	8.74224e-32	38
"6:135452152:A:G"	0.130929	0.0081168831	1.55663e-58	38
"6:135465474:C:T"	0.116448	0.008137491	1.89293e-46	38
"6:135349402:TA:T"	0.0458883	0.0065958275	3.47143e-12	38
"6:135415468:CA:C"	-0.089025	0.0077158112	8.4906e-31	38
"6:135418635:T:C"	0.235387	0.044777389	1.46556e-07	38
"6:135368314:A:G"	-0.023056	0.0061316966	0.000169815	39
"6:135382980:G:T"	-0.0431172	0.0063474734	1.09976e-11	39
"6:135392100:A:C"	-0.0256672	0.0062182867	3.66413e-05	39
"6:135402339:C:T"	-0.173944	0.0071353141	2.94141e-131	39
"6:135406178:G:T"	-0.17324	0.0070742871	1.94908e-132	39
"6:135411228:C:T"	-0.173635	0.0070088381	1.72009e-135	39
"6:135412636:C:T"	0.135023	0.0105338	1.29963e-37	39
"6:135415208:A:G"	0.109886	0.007062496	1.38162e-54	39
"6:135418916:G:A"	-0.174327	0.0069752518	7.43555e-138	39
"6:135419018:C:T"	-0.18022	0.0072493711	2.01487e-136	39
"6:135419631:G:A"	-0.176977	0.0070696359	2.65217e-138	39
"6:135421176:T:C"	-0.178209	0.0071073711	9.6061e-139	39
"6:135423209:C:T"	-0.169202	0.0068743169	9.01847e-134	39
"6:135426573:G:A"	-0.170846	0.0069016923	2.79013e-135	39
"6:135427144:A:C"	-0.170263	0.006879377	3.11193e-135	39
"6:135427159:C:T"	-0.170723	0.0068919413	1.82765e-135	39
"6:135427817:A:G"	-0.170625	0.0068921313	2.64346e-135	39
"6:135431640:C:T"	-0.164359	0.0070824038	3.89499e-119	39
"6:135432552:C:T"	-0.16256	0.0073059895	1.12077e-109	39
"6:135435501:C:T"	-0.152841	0.0071248922	4.40468e-102	39
"6:135437386:C:T"	0.112995	0.0072642215	1.47258e-54	39
"6:135452152:A:G"	-0.147962	0.0079071386	3.91866e-78	39
"6:135465474:C:T"	-0.129025	0.0079272595	1.4579e-59	39
"6:135349402:TA:T"	-0.0441491	0.0064254138	6.37444e-12	39
"6:135415468:CA:C"	0.101948	0.0075164799	6.61423e-42	39
"6:135418635:T:C"	-0.315249	0.043620502	4.93466e-13	39
"7:28167391:T:A"	0.00899852	0.0071478096	0.208059	40
"7:28178262:T:G"	-0.0123792	0.008399197	0.140522	40
"7:28277107:G:C"	-0.0402701	0.007254104	2.83456e-08	40
"7:28307305:G:T"	-0.0294514	0.0092488115	0.00145075	40
"7:28717030:T:C"	-0.0329855	0.0074931063	1.07202e-05	40
"7:28723407:A:G"	-0.0386026	0.0093128946	3.39721e-05	40
"7:28724374:T:G"	-0.057491	0.0076712413	6.66235e-14	40
"7:28167391:T:A"	-0.00168655	0.0065251577	0.796045	41
"7:28178262:T:G"	-0.00169485	0.0076620133	0.824936	41
"7:28277107:G:C"	-0.0333374	0.0065973505	4.34613e-07	41
"7:28307305:G:T"	-0.011936	0.0084405993	0.157327	41
"7:28717030:T:C"	-0.0268224	0.0068186777	8.36613e-05	41
"7:28723407:A:G"	-0.0341331	0.0084752227	5.6396e-05	41
"7:28724374:T:G"	-0.0509948	0.0069871925	2.91388e-13	41
"7:100214015:G:A"	0.0773679	0.0073144863	3.79443e-26	42
"7:100218631:T:C"	-0.0959855	0.018349129	1.68538e-07	42
"7:100225847:T:C"	-0.255446	0.14834572	0.0850759	42
"7:100226665:T:C"	-0.0830344	0.0064144093	2.50798e-38	42
"7:100235508:A:G"	0.0839053	0.0071652229	1.13225e-31	42
"7:100235970:A:C"	-0.0855044	0.0065161862	2.46884e-39	42
"7:100236202:A:G"	-0.086155	0.0065263501	8.64255e-40	42
"7:100240296:G:A"	-0.0862535	0.0065542826	1.49408e-39	42
"7:100243411:C:T"	0.0664255	0.0078829539	3.56146e-17	42
"7:100275444:A:G"	-0.0417627	0.05592935	0.455242	42
"7:100298904:C:T"	0.0649815	0.007525587	5.88678e-18	42
"7:100309180:G:A"	-0.114013	0.068029062	0.093748	42
"7:100314474:T:C"	-0.0427799	0.05031244	0.395167	42
"7:100319633:A:G"	-0.00834322	0.063777951	0.89592	42
"7:100321528:T:G"	-0.0754323	0.0069010731	8.23666e-28	42
"7:100345106:A:G"	0.058863	0.0080789148	3.19335e-13	42
"7:100414147:A:G"	-0.119479	0.02151227	2.79183e-08	42
"7:99565754:G:T"	0.0143193	0.04180637	0.731963	42
"7:99923063:T:C"	0.000485359	0.048871317	0.992076	42
"7:100083971:A:G"	-0.0629988	0.053320821	0.237403	42
"7:100134686:C:A"	-0.00609094	0.064828141	0.925145	42
"7:100239422:A:G"	-0.175602	0.16481388	0.286671	42
"7:100214015:G:A"	-0.0729227	0.0074917591	2.16538e-22	43
"7:100218631:T:C"	0.046604	0.018793919	0.0131479	43
"7:100225847:T:C"	-0.107073	0.15194151	0.480998	43
"7:100226665:T:C"	0.0780252	0.0065698706	1.57374e-32	43
"7:100235508:A:G"	-0.0750046	0.0073389109	1.61142e-24	43
"7:100235970:A:C"	0.0798486	0.0066741417	5.49322e-33	43
"7:100236202:A:G"	0.0801176	0.0066845367	4.23135e-33	43
"7:100240296:G:A"	0.080342	0.0067131665	5.23809e-33	43
"7:100243411:C:T"	-0.0644115	0.0080740226	1.4915e-15	43
"7:100275444:A:G"	0.162407	0.057285252	0.00458163	43
"7:100298904:C:T"	-0.0659186	0.0077080202	1.21022e-17	43
"7:100309180:G:A"	0.436156	0.069678157	3.86002e-10	43
"7:100314474:T:C"	0.126485	0.051532048	0.0141083	43
"7:100319633:A:G"	0.195614	0.065323613	0.00274869	43
"7:100321528:T:G"	0.0814093	0.0070683367	1.07738e-30	43
"7:100345106:A:G"	-0.0650594	0.0082747892	3.7685e-15	43
"7:100414147:A:G"	0.0724122	0.022033712	0.00101465	43
"7:99565754:G:T"	0.103273	0.042657384	0.0154778	43
"7:99923063:T:C"	0.105861	0.049866109	0.0337621	43
"7:100083971:A:G"	0.304489	0.054613473	2.47014e-08	43
"7:100134686:C:A"	0.164422	0.066399299	0.0132765	43
"7:100239422:A:G"	-0.103909	0.16880885	0.538196	43
"7:100214015:G:A"	-0.0588964	0.0073498607	1.11708e-15	44
"7:100218631:T:C"	0.104832	0.018437802	1.30259e-08	44
"7:100225847:T:C"	0.330169	0.1490624	0.0267622	44
"7:100226665:T:C"	0.0617575	0.0064455001	9.56365e-22	44
"7:100235508:A:G"	-0.0638235	0.0071998906	7.68612e-19	44
"7:100235970:A:C"	0.0645473	0.0065477594	6.33468e-23	44
"7:100236202:A:G"	0.0645501	0.0065579361	7.34485e-23	44
"7:100240296:G:A"	0.0648376	0.00658601	7.22325e-23	44
"7:100243411:C:T"	-0.0481395	0.007921043	1.22144e-09	44
"7:100275444:A:G"	0.165986	0.056199666	0.00314183	44
"7:100298904:C:T"	-0.0544272	0.0075620085	6.13551e-13	44
"7:100309180:G:A"	0.117571	0.06835784	0.0854435	44
"7:100314474:T:C"	0.0400814	0.050555606	0.427883	44
"7:100319633:A:G"	0.174505	0.064086132	0.00646952	44
"7:100321528:T:G"	0.0598139	0.0069345242	6.38029e-18	44
"7:100345106:A:G"	-0.0473439	0.0081180692	5.47871e-09	44
"7:100414147:A:G"	0.127933	0.0216162	3.25148e-09	44
"7:99565754:G:T"	0.0161937	0.041179547	0.694139	44
"7:99923063:T:C"	0.0198937	0.048138717	0.679417	44
"7:100083971:A:G"	0.0947868	0.053578509	0.0768742	44
"7:100134686:C:A"	0.0218682	0.065141063	0.737094	44
"7:100239422:A:G"	0.32231	0.16561007	0.0516309	44
"8:19912370:A:G"	-0.0483749	0.009348765	2.28557e-07	45
"8:41543675:A:G"	0.0332564	0.017976526	0.0643148	46
"8:41589736:G:T"	0.0232883	0.047568761	0.624437	46
"8:41630405:A:G"	-0.0207112	0.0077449135	0.00749162	46
"8:41630447:A:G"	-0.0231992	0.0078417227	0.00309208	46
"8:41665954:A:G"	0.0137859	0.0068705856	0.0448019	46
"8:42344238:T:G"	-0.0351628	0.0064227313	4.38133e-08	46
"8:42385748:C:A"	0.0461909	0.0062809336	1.9219e-13	46
"8:42392942:G:C"	0.0479116	0.0063079145	3.06646e-14	46
"8:42433985:T:TC"	0.0468204	0.0062256034	5.4513e-14	46
"8:42454011:T:C"	0.0449432	0.0063122945	1.07968e-12	46
"8:42455206:C:T"	0.0447895	0.0063128125	1.2932e-12	46
"9:4744743:C:T"	-0.0874502	0.0062378751	1.18966e-44	47
"9:4763176:C:T"	-0.0969163	0.0064800835	1.42189e-50	47
"9:4763368:A:C"	-0.0688161	0.0088296322	6.50299e-15	47
"9:4763491:A:G"	-0.104059	0.0069991251	5.37062e-50	47
"9:4814948:C:G"	-0.0942175	0.007478257	2.14108e-36	47
"9:4840380:G:A"	-0.110097	0.0090912397	9.31609e-34	47
"9:4856234:A:G"	-0.067722	0.0062072476	1.03095e-27	47
"9:5126343:A:G"	-0.24407	0.048196255	4.1037e-07	47
"9:5038596:A:ATTT"	0.0263184	0.0062087121	2.24558e-05	47
"9:91392686:T:TTC"	0.0584608	0.015487476	0.000160191	48
"9:91453631:C:T"	0.0344443	0.0068450955	4.85469e-07	48
"9:91495135:T:C"	0.0643852	0.01428449	6.56412e-06	48
"9:91510746:T:A"	0.0610736	0.01436664	2.12752e-05	48
"9:91535713:C:T"	0.035195	0.0068647843	2.94555e-07	48
"9:91593290:C:T"	0.0363862	0.0099411484	0.000252048	48
"9:91616843:A:G"	0.054772	0.018237925	0.00267163	48
"9:91500241:A:ATAGT"	-0.0310522	0.0069434801	7.74438e-06	48
"9:113636793:T:C"	-0.0171494	0.0076573783	0.0251172	49
"9:113638375:T:C"	-0.017792	0.0083752094	0.0336402	49
"9:113640132:A:T"	-0.00623515	0.0069769064	0.371491	49
"9:113901309:A:G"	0.106976	0.0068142172	1.53764e-55	49
"9:113912553:G:A"	0.115716	0.0068350364	2.71082e-64	49
"9:113915905:C:T"	-0.106802	0.0080963793	9.83912e-40	49
"9:113924517:A:C"	-0.108411	0.0082991684	5.37291e-39	49
"9:113925642:A:G"	-0.108367	0.0082991684	5.75389e-39	49
"9:113936919:G:A"	-0.108146	0.0082903616	6.79865e-39	49
"9:113941670:C:T"	-0.108785	0.0082933181	2.62757e-39	49
"9:113945067:T:A"	0.108498	0.0068303678	8.09906e-57	49
"9:113953994:A:G"	-0.0720695	0.019986968	0.000311167	49
"9:114089882:T:C"	0.0618741	0.013887365	8.37294e-06	49
"9:113636793:T:C"	-0.0123507	0.0070123277	0.078192	50
"9:113638375:T:C"	-0.017142	0.007675952	0.0255355	50
"9:113640132:A:T"	-0.00476158	0.0063957839	0.456583	50
"9:113901309:A:G"	0.0357987	0.0062560997	1.05158e-08	50
"9:113912553:G:A"	0.0369563	0.0062679027	3.72187e-09	50
"9:113915905:C:T"	-0.029973	0.0074305246	5.48932e-05	50
"9:113924517:A:C"	-0.0302187	0.0076162622	7.25891e-05	50
"9:113925642:A:G"	-0.0301968	0.0076162042	7.34539e-05	50
"9:113936919:G:A"	-0.0292961	0.0076072238	0.000117594	50
"9:113941670:C:T"	-0.0305992	0.0076093656	5.78845e-05	50
"9:113945067:T:A"	0.0349458	0.0062668421	2.45671e-08	50
"9:113953994:A:G"	-0.0153247	0.018397978	0.404868	50
"9:114089882:T:C"	0.0462947	0.012781006	0.000292169	50
"9:114686305:A:T"	-0.0543278	0.024472016	0.0264191	51
"9:131867130:A:G"	-0.0410494	0.0072060646	1.22294e-08	52
"9:135860412:A:G"	-0.0285193	0.018098041	0.115067	53
"9:135864177:T:C"	0.00149646	0.0091237546	0.869717	53
"9:135864436:G:C"	0.0303751	0.018693441	0.104183	53
"9:136128000:C:G"	-0.0873753	0.011930953	2.41738e-13	53
"9:136131188:T:C"	-0.0866295	0.011855196	2.72562e-13	53
"9:136131322:T:G"	-0.0866297	0.011848987	2.64865e-13	53
"9:136131415:T:C"	-0.086636	0.011846124	2.60377e-13	53
"9:136139907:G:GAAACTGCC"	0.0588366	0.0071594261	2.06782e-16	53
"9:136141870:T:C"	0.0610563	0.007991497	2.16962e-14	53
"9:136142313:C:A"	-0.0875393	0.011989631	2.85095e-13	53
"9:136145425:A:C"	0.0538611	0.0072184446	8.54955e-14	53
"9:136149150:T:C"	-0.087096	0.012087061	5.77371e-13	53
"9:136149709:A:AC"	0.0589989	0.0079964176	1.60452e-13	53
"9:136154168:C:T"	0.0553985	0.0076674181	5.00367e-13	53
"9:136154867:T:G"	0.0554356	0.0076717121	4.97443e-13	53
"9:136130855:T:TTCTG"	-0.0891035	0.012116777	1.92749e-13	53
"9:135860412:A:G"	0.0194827	0.017572376	0.267555	54
"9:135864177:T:C"	-0.0193303	0.0088587298	0.0291056	54
"9:135864436:G:C"	0.0385785	0.0181505	0.0335464	54
"9:136128000:C:G"	0.101088	0.011584412	2.63354e-18	54
"9:136131188:T:C"	0.101065	0.011510858	1.63475e-18	54
"9:136131322:T:G"	0.101022	0.011504832	1.62303e-18	54
"9:136131415:T:C"	0.101023	0.011502053	1.59096e-18	54
"9:136139907:G:GAAACTGCC"	-0.0316883	0.0069514442	5.1517e-06	54
"9:136141870:T:C"	-0.0220081	0.0077593966	0.00456357	54
"9:136142313:C:A"	0.0985281	0.011641389	2.59227e-17	54
"9:136145425:A:C"	-0.0277287	0.007008789	7.61309e-05	54
"9:136149150:T:C"	0.0979493	0.011735987	7.05776e-17	54
"9:136149709:A:AC"	-0.0220871	0.007764156	0.00444442	54
"9:136154168:C:T"	-0.022822	0.007444686	0.00217283	54
"9:136154867:T:G"	-0.0228815	0.0074488451	0.00212769	54
"9:136130855:T:TTCTG"	0.103197	0.011764844	1.76017e-18	54
"9:135860412:A:G"	-0.0471848	0.017550418	0.00717672	55
"9:135864177:T:C"	0.0138207	0.0088476784	0.118272	55
"9:135864436:G:C"	-0.0150414	0.018127797	0.406685	55
"9:136128000:C:G"	-0.108839	0.011569936	5.10189e-21	55
"9:136131188:T:C"	-0.108275	0.011496473	4.59166e-21	55
"9:136131322:T:G"	-0.10822	0.011490449	4.58747e-21	55
"9:136131415:T:C"	-0.108228	0.011487677	4.45839e-21	55
"9:136139907:G:GAAACTGCC"	0.0667757	0.006942757	6.71148e-22	55
"9:136141870:T:C"	0.0640434	0.0077497152	1.40867e-16	55
"9:136142313:C:A"	-0.107134	0.011626839	3.12998e-20	55
"9:136145425:A:C"	0.0616765	0.007000056	1.24172e-18	55
"9:136149150:T:C"	-0.107339	0.011721323	5.30557e-20	55
"9:136149709:A:AC"	0.0621364	0.0077544026	1.11924e-15	55
"9:136154168:C:T"	0.0570049	0.0074353865	1.76483e-14	55
"9:136154867:T:G"	0.0570719	0.0074395352	1.7012e-14	55
"9:136130855:T:TTCTG"	-0.110696	0.011750136	4.47479e-21	55
"9:135860412:A:G"	0.0578616	0.017637991	0.00103619	56
"9:135864177:T:C"	0.00449831	0.0088919714	0.612937	56
"9:135864436:G:C"	-0.0200976	0.018218255	0.269959	56
"9:136128000:C:G"	0.0769166	0.011628218	3.72438e-11	56
"9:136131188:T:C"	0.076465	0.011554389	3.64489e-11	56
"9:136131322:T:G"	0.0764992	0.011548331	3.48985e-11	56
"9:136131415:T:C"	0.0764629	0.011545531	3.5264e-11	56
"9:136139907:G:GAAACTGCC"	-0.0095225	0.0069774906	0.172334	56
"9:136141870:T:C"	-0.0148833	0.0077884653	0.0560129	56
"9:136142313:C:A"	0.0753144	0.011685424	1.15479e-10	56
"9:136145425:A:C"	-0.00545193	0.0070350203	0.438356	56
"9:136149150:T:C"	0.0753589	0.011780395	1.58482e-10	56
"9:136149709:A:AC"	-0.0133123	0.0077932604	0.0876011	56
"9:136154168:C:T"	-0.0160521	0.0074726129	0.0317035	56
"9:136154867:T:G"	-0.0160064	0.0074768032	0.0322887	56
"9:136130855:T:TTCTG"	0.0785902	0.011809359	2.83473e-11	56
"10:64927823:G:C"	-0.0411537	0.0061538462	2.27063e-11	57
"10:64927837:T:C"	0.0451368	0.038445569	0.240378	57
"10:64963449:C:T"	-0.0418499	0.0061635941	1.12253e-11	57
"10:65027610:T:A"	-0.0503127	0.0061992821	4.82121e-16	57
"10:65050659:G:A"	-0.0500065	0.0062117203	8.25416e-16	57
"10:65066186:T:G"	-0.050167	0.0061956333	5.62539e-16	57
"10:65071215:A:C"	-0.0495559	0.0062193696	1.61278e-15	57
"10:65133156:C:A"	-0.0482041	0.0068379341	1.79552e-12	57
"10:65365385:T:C"	-0.0352387	0.0062462132	1.68467e-08	57
"10:71093392:T:C"	-0.123495	0.01014703	4.46104e-34	59
"10:71094504:C:T"	-0.140847	0.011061543	3.87303e-37	59
"10:71099888:A:G"	-0.101173	0.008889521	5.18969e-30	59
"10:71093392:T:C"	-0.0695157	0.0099075624	2.27624e-12	60
"10:71094504:C:T"	-0.0938811	0.010800501	3.55211e-18	60
"10:71099888:A:G"	-0.0546762	0.0086797268	2.99036e-10	60
"11:196944:T:C"	-0.0841056	0.0099651221	3.17272e-17	61
"11:202856:A:G"	-0.0775968	0.0091643069	2.51243e-17	61
"11:230474:T:G"	-0.0182228	0.03546137	0.607338	61
"11:243268:G:T"	-0.0631728	0.0074778655	2.96405e-17	61
"11:270715:C:T"	-0.0629127	0.0082176021	1.92004e-14	61
"11:205198:A:C"	0.055568	0.0082994439	2.15067e-11	62
"11:205780:A:T"	0.00962452	0.016596353	0.56197	62
"11:207462:G:A"	0.0542192	0.0081720711	3.2511e-11	62
"11:61564299:T:G"	-0.0366839	0.0066025341	2.75965e-08	64
"11:61569830:T:C"	-0.0366863	0.0064590721	1.34842e-08	64
"11:61571348:G:C"	-0.0387272	0.006735322	8.93143e-09	64
"11:61609750:T:C"	-0.0357229	0.0065383836	4.66679e-08	64
"11:61624181:C:T"	0.0317406	0.0070747876	7.24228e-06	64
"11:61581450:G:A"	-0.0370133	0.0070547235	1.54925e-07	64
"11:61548559:G:A"	0.041368	0.0085856071	1.4478e-06	65
"11:61549025:A:G"	0.0533459	0.0069540546	1.70411e-14	65
"11:61551356:C:T"	0.0536794	0.006942757	1.06128e-14	65
"11:61581450:G:A"	0.0562685	0.0070862682	2.0134e-15	65
"11:67207426:A:G"	0.0402539	0.0082492596	1.06237e-06	66
"11:67221854:C:T"	0.0370078	0.0076613676	1.36235e-06	66
"11:67224391:A:G"	0.044306	0.022618856	0.0501353	66
"11:66897377:C:CAA"	0.048373	0.012146182	6.81751e-05	66
"11:67041966:C:CTTTTTTTTTTTTTTTTTTT"	-0.0263954	0.010577377	0.0125793	66
"11:118983434:T:C"	-0.0730949	0.013274342	3.66078e-08	67
"11:119060963:C:T"	-0.0583737	0.0074858704	6.29704e-15	67
"11:119077003:T:C"	-0.0582358	0.0075820185	1.58102e-14	67
"11:119083318:C:A"	-0.0562798	0.007315396	1.43343e-14	67
"11:119094647:A:G"	-0.0458935	0.0081941019	2.13392e-08	67
"11:119099906:C:G"	-0.0513018	0.011621421	1.01283e-05	67
"12:6128443:C:T"	-0.0120449	0.0065945226	0.0677745	68
"12:6281039:T:C"	0.0256194	0.0068090206	0.000168181	68
"12:6289219:A:G"	0.0269247	0.0062212655	1.50561e-05	68
"12:6291093:A:G"	0.0269707	0.0064474117	2.87443e-05	68
"12:6294735:C:T"	0.0259389	0.0062858687	3.68257e-05	68
"12:6332838:G:A"	-0.0144044	0.0068210963	0.0347092	68
"12:6349328:G:A"	-0.00964903	0.0063672367	0.129666	68
"12:6445329:C:G"	0.0289914	0.0064606996	7.21199e-06	68
"12:6502742:A:G"	0.0238008	0.0074430791	0.00138517	68
"12:6502832:A:G"	-0.0330067	0.010640596	0.00192241	68
"12:6290434:G:C"	0.0266035	0.0063413551	2.72582e-05	68
"12:10581595:C:G"	0.0247368	0.010894302	0.0231701	69
"12:10600368:A:G"	0.0256885	0.01074422	0.0168066	69
"12:10610991:C:T"	-0.0244055	0.010544119	0.0206343	69
"12:9888762:T:C"	-0.0530791	0.0071529223	1.16568e-13	69
"12:9899050:G:C"	-0.0615719	0.0072152675	1.41944e-17	69
"12:9899624:C:T"	-0.062145	0.0072140183	7.02648e-18	69
"12:9910132:A:C"	-0.06018	0.0070422535	1.27888e-17	69
"12:9910164:A:G"	0.0465185	0.0070773412	4.93489e-11	69
"12:9912730:T:C"	0.0604686	0.0076981109	3.99763e-15	69
"12:9929679:G:A"	0.0574514	0.0074584564	1.33084e-14	69
"12:53752692:A:G"	-0.018357	0.0087617078	0.0361587	70
"12:53757831:G:A"	0.0191646	0.0087715451	0.0288997	70
"12:53760162:G:A"	-0.0190386	0.0087172558	0.028961	70
"12:53778650:T:G"	-0.0181761	0.0084405993	0.0312859	70
"12:53787953:C:T"	-0.0179192	0.0084080246	0.0330732	70
"12:54685880:T:C"	0.0784705	0.012990201	1.53402e-09	70
"12:54698408:A:G"	0.0903878	0.01112503	4.48401e-16	70
"12:54715784:CA:C"	0.00302598	0.0063443323	0.633392	70
"12:56985558:A:C"	-0.0417781	0.0084985595	8.83804e-07	71
"12:57019443:C:T"	-0.0346481	0.0066446949	1.8443e-07	71
"12:57023284:G:C"	-0.0351971	0.0072400287	1.16526e-06	71
"12:57055291:T:C"	-0.0367351	0.0068136136	6.99067e-08	71
"12:57065713:T:C"	0.0364622	0.0067893272	7.8508e-08	71
"12:57151329:G:A"	0.0337546	0.0063169598	9.11733e-08	71
"12:111847740:G:A"	0.0464971	0.0080203396	6.73601e-09	72
"12:111884608:C:T"	0.0531179	0.0062560606	2.0551e-17	72
"12:112003695:A:T"	0.0541392	0.010805426	5.43248e-07	72
"12:112072424:G:A"	-0.0465177	0.0063030639	1.58118e-13	72
"12:111847740:G:A"	0.0515562	0.0078853781	6.22728e-11	73
"12:111884608:C:T"	0.0562158	0.0061507802	6.26722e-20	73
"12:112003695:A:T"	0.0529235	0.010623583	6.30278e-07	73
"12:112072424:G:A"	-0.050095	0.0061970155	6.28117e-16	73
"12:111785515:A:G"	0.114766	0.02331747	8.57135e-07	74
"12:111800258:A:G"	0.0825361	0.0075680176	1.08002e-27	74
"12:111884608:C:T"	0.0730176	0.0060906162	4.07923e-33	74
"12:111887659:G:A"	-0.0209429	0.0076326556	0.00607227	74
"12:111974823:G:A"	-0.0233673	0.0075890384	0.00207643	74
"12:112072424:G:A"	-0.0644317	0.0061363999	8.64376e-26	74
"12:112524720:CAGG:C"	-0.0997678	0.014851912	1.84862e-11	74
"12:111890233:A:AT"	0.0195076	0.0079073261	0.0136237	74
"12:112371459:A:AT"	-0.0486408	0.0091240876	9.76493e-08	74
"12:111357727:A:G"	0.0302714	0.013697298	0.0271034	75
"12:111884608:C:T"	0.083118	0.0068551372	7.79072e-34	75
"12:111910219:G:A"	0.081895	0.0068548553	6.73005e-33	75
"12:112007756:T:C"	0.0814318	0.0068508636	1.39287e-32	75
"12:112059557:T:C"	-0.0751238	0.0069640793	3.95119e-27	75
"12:112072424:G:A"	-0.0706046	0.0069100382	1.65207e-24	75
"12:112486818:G:A"	-0.0677043	0.0068922263	8.94022e-23	75
"12:111826477:AAATT:A"	0.0853305	0.0072697665	8.16126e-32	75
"12:111844956:T:C"	-0.0043416	0.044428845	0.922154	75
"12:111357727:A:G"	0.0303291	0.013582361	0.0255505	76
"12:111884608:C:T"	0.0459035	0.0067979117	1.45214e-11	76
"12:111910219:G:A"	0.0449752	0.0067976344	3.683e-11	76
"12:112007756:T:C"	0.0449346	0.0067936629	3.73561e-11	76
"12:112059557:T:C"	-0.0435789	0.0069060297	2.78515e-10	76
"12:112072424:G:A"	-0.0425713	0.0068524597	5.21235e-10	76
"12:112486818:G:A"	-0.0403703	0.0068345225	3.48752e-09	76
"12:111826477:AAATT:A"	0.0459571	0.0072090257	1.83061e-10	76
"12:111844956:T:C"	-0.128629	0.044055775	0.00350376	76
"12:111357727:A:G"	0.017905	0.012214979	0.142697	77
"12:111884608:C:T"	0.057346	0.0061117223	6.41537e-21	77
"12:111910219:G:A"	0.0560054	0.0061120958	5.04673e-20	77
"12:112007756:T:C"	0.0553561	0.0061081758	1.27382e-19	77
"12:112059557:T:C"	-0.050478	0.0062069779	4.20634e-16	77
"12:112072424:G:A"	-0.0482034	0.0061576734	4.94892e-15	77
"12:112486818:G:A"	-0.0471808	0.0061421666	1.57312e-14	77
"12:111826477:AAATT:A"	0.0578067	0.006475887	4.39851e-19	77
"12:111844956:T:C"	-0.00890097	0.039809393	0.823077	77
"12:111847740:G:A"	0.0260419	0.0078689969	0.000934892	78
"12:111884608:C:T"	0.0327525	0.0061379818	9.50084e-08	78
"12:112003695:A:T"	0.03089	0.010601497	0.00357123	78
"12:112072424:G:A"	-0.0260072	0.0061841389	2.60532e-05	78
"12:121126438:C:T"	0.0518839	0.0061670531	3.99359e-17	79
"12:121151062:C:CTCTCTTG"	0.0506833	0.0062569609	5.48171e-16	79
"12:121154221:C:T"	0.050444	0.006253674	7.24637e-16	79
"12:121162989:G:A"	0.050473	0.0062992126	1.12332e-15	79
"12:121163518:A:C"	0.0520445	0.0063065222	1.55096e-16	79
"12:121176549:T:C"	-0.046149	0.015417918	0.00276066	79
"12:121363835:T:C"	-0.0283672	0.0067952325	2.98535e-05	79
"12:121454622:T:C"	-0.00335966	0.0065874417	0.610043	79
"12:121358626:A:AT"	-0.0233611	0.0066493341	0.000442566	79
"12:121126438:C:T"	-0.0364769	0.006350416	9.24517e-09	80
"12:121151062:C:CTCTCTTG"	-0.0388808	0.0064430084	1.59371e-09	80
"12:121154221:C:T"	-0.0387823	0.0064396062	1.71795e-09	80
"12:121162989:G:A"	-0.0388032	0.0064865145	2.20234e-09	80
"12:121163518:A:C"	-0.0399488	0.0064940125	7.66859e-10	80
"12:121176549:T:C"	0.0108372	0.015876342	0.49486	80
"12:121363835:T:C"	0.00520839	0.0069972641	0.456667	80
"12:121454622:T:C"	-0.00640472	0.0067832941	0.345072	80
"12:121358626:A:AT"	0.00447914	0.0068470171	0.513	80
"14:23494277:G:A"	-0.0676227	0.0067456356	1.18816e-23	81
"14:23497629:T:C"	-0.0691778	0.0069326493	1.89185e-23	81
"14:23499321:A:C"	-0.0696109	0.0069790002	1.9738e-23	81
"14:23514235:T:C"	-0.0518705	0.011215679	3.74915e-06	81
"14:23497355:AAAAC:A"	-0.0691574	0.0069326013	1.94742e-23	81
"15:64629873:G:A"	-0.0671681	0.010579503	2.16878e-10	82
"15:64642517:A:C"	0.0683059	0.01077815	2.33602e-10	82
"15:64654967:T:A"	-0.101512	0.015302078	3.27026e-11	82
"15:64486541:CT:C"	0.062092	0.010864204	1.09521e-08	82
"15:65734040:C:A"	0.0502586	0.0072077786	3.10603e-12	83
"15:65830518:T:C"	-0.0242332	0.0076006324	0.00143106	83
"15:66007972:T:A"	0.0497683	0.0071840113	4.27962e-12	83
"15:66051345:T:C"	0.0427705	0.0062370192	7.0059e-12	83
"15:66054349:C:T"	0.0208262	0.0071015162	0.00336098	83
"15:66070693:T:C"	0.0527433	0.007393606	9.77586e-13	83
"15:66075872:T:C"	0.0433276	0.0063843507	1.14845e-11	83
"15:66095270:C:T"	-0.0520276	0.0075624088	5.9949e-12	83
"15:66049600:T:TG"	0.0427129	0.0063674395	1.97306e-11	83
"15:66081847:T:TA"	0.0548072	0.0076854499	9.94515e-13	83
"15:66098057:C:CT"	-0.0518739	0.0077457534	2.12641e-11	83
"15:78537155:C:T"	0.0825727	0.0065313374	1.22955e-36	84
"15:78551927:G:A"	-0.0777997	0.0062332093	9.4239e-36	84
"15:78565820:T:C"	0.0974823	0.010160991	8.4917e-22	84
"15:78591037:G:A"	-0.0725613	0.0064342612	1.69809e-29	84
"15:78537236:G:C"	0.0825403	0.0065264779	1.16236e-36	84
"15:91506422:T:A"	-0.117051	0.0099138487	3.60125e-32	85
"16:170328:T:C"	0.0708754	0.010835845	6.11774e-11	86
"16:269906:G:A"	-0.10874	0.012789605	1.85965e-17	86
"16:281299:A:G"	0.0919334	0.010906648	3.48266e-17	86
"16:304803:T:A"	-0.0709254	0.008350382	2.00223e-17	86
"16:309155:A:C"	-0.0845098	0.01227039	5.68642e-12	86
"16:28864471:G:A"	-0.0372265	0.0065105014	1.07835e-08	87
"16:28871191:G:C"	-0.0386218	0.0068384485	1.62558e-08	87
"16:30093779:G:C"	0.0333002	0.01005935	0.000931708	88
"16:30914626:C:T"	-0.0199692	0.0068589458	0.00359803	88
"16:30093779:G:C"	0.0449857	0.010104256	8.50154e-06	89
"16:30914626:C:T"	-0.0245908	0.0068895671	0.00035796	89
"16:67829763:T:TAAAC"	0.00882915	0.01309768	0.500247	90
"16:67902326:T:A"	0.00632082	0.0081592689	0.438529	90
"16:68733646:C:G"	-0.0437441	0.0068207241	1.4232e-10	90
"16:68800641:CT:C"	0.0365552	0.0065505473	2.3983e-08	90
"16:67876823:G:A"	0.0108877	0.011357067	0.337723	90
"16:67923472:C:CA"	0.0113463	0.011618855	0.328798	90
"16:68819642:CT:C"	-0.041779	0.0068495966	1.06416e-09	90
"16:85810349:A:G"	-0.0154207	0.0097238429	0.112768	91
"16:85926721:G:A"	0.0735426	0.0073321846	1.12421e-23	91
"16:85927013:C:T"	0.0706572	0.0072986308	3.63593e-22	91
"16:85932652:T:C"	-0.152797	0.019032647	9.89626e-16	91
"16:85934515:AT:A"	0.13272	0.015212735	2.67935e-18	91
"16:85935797:C:T"	0.0803343	0.011733302	7.55737e-12	91
"16:85936389:TGGTGGCTGCA:T"	0.0967345	0.008631628	3.76971e-29	91
"16:85936978:C:T"	0.0832921	0.011468061	3.787e-13	91
"16:85938755:G:A"	0.0784434	0.012900929	1.1985e-09	91
"16:85944823:G:T"	0.0573297	0.0092928167	6.86044e-10	91
"16:85947475:T:C"	0.0943788	0.013580554	3.66445e-12	91
"16:85973028:C:T"	-0.0491425	0.0082628922	2.7243e-09	91
"16:85973140:G:A"	-0.049274	0.0082719144	2.57246e-09	91
"16:85983056:C:T"	-0.0643691	0.0087719298	2.16719e-13	91
"16:85989464:C:T"	-0.127875	0.014589297	1.86751e-18	91
"16:85991400:T:G"	0.045461	0.013463897	0.000734116	91
"16:85991705:C:A"	-0.0953688	0.0093735647	2.58381e-24	91
"16:85993134:T:C"	-0.0514706	0.0072220417	1.02655e-12	91
"16:85995436:C:T"	-0.127351	0.014479428	1.4265e-18	91
"16:86002593:AAAT:A"	-0.0886162	0.0090403652	1.10048e-22	91
"16:86009760:A:C"	-0.0351306	0.0093431748	0.000169884	91
"16:86012599:C:T"	-0.00323	0.0080258754	0.687353	91
"16:86016328:T:C"	-0.39775	0.054832979	4.05043e-13	91
"16:86017663:A:G"	-0.0838463	0.010182574	1.80627e-16	91
"16:86019271:A:G"	-0.0844754	0.01026458	1.87526e-16	91
"16:86019516:C:G"	-0.0837	0.010273818	3.73313e-16	91
"16:86002635:G:GT"	-0.0877463	0.009000576	1.86345e-22	91
"16:89734349:C:T"	-0.0348236	0.0078261346	8.6009e-06	92
"16:89738589:T:TG"	0.0200826	0.0097401332	0.0392238	92
"16:89772424:C:A"	-0.0447421	0.00980248	5.00966e-06	92
"17:4826592:T:G"	-0.0781828	0.011541027	1.24978e-11	93
"17:4836381:T:C"	-0.074694	0.011190264	2.47375e-11	93
"17:4840868:A:G"	-0.0764013	0.01135173	1.69242e-11	93
"17:4837195:A:C"	0.050051	0.015824212	0.00156186	93
"17:4869143:TTATC:T"	-0.0764613	0.013958916	4.31145e-08	93
"17:16168784:T:C"	0.038132	0.0069961381	5.02502e-08	94
"17:16170764:A:C"	0.0384566	0.0070096242	4.10548e-08	94
"17:16176883:C:T"	0.0421826	0.0071775143	4.17645e-09	94
"17:16843729:T:G"	0.089354	0.058301219	0.125369	94
"17:16852187:G:A"	0.168815	0.056331681	0.00272826	94
"17:16852206:C:A"	-0.011224	0.018768381	0.549823	94
"17:16168784:T:C"	0.0313373	0.0063897764	9.37637e-07	95
"17:16170764:A:C"	0.0315526	0.0064020077	8.2839e-07	95
"17:16176883:C:T"	0.030272	0.0065575491	3.90549e-06	95
"17:16843729:T:G"	0.118023	0.053572194	0.0275904	95
"17:16852187:G:A"	0.164693	0.051664368	0.00143384	95
"17:16852206:C:A"	-0.010137	0.017167618	0.554875	95
"17:27075423:T:C"	0.0925751	0.0078814628	7.41128e-32	96
"17:27172520:C:T"	0.0940503	0.007823257	2.72611e-33	96
"17:27178761:T:C"	0.0925863	0.0080529562	1.36301e-30	96
"17:27179590:C:T"	0.0950008	0.0079204157	3.79841e-33	96
"17:27188296:C:A"	-0.0952659	0.0089105117	1.11697e-26	96
"17:27195871:T:G"	-0.0768099	0.0082984797	2.12508e-20	96
"17:27206029:A:G"	0.0866817	0.0087462282	3.7395e-23	96
"17:27106769:AAAAT:A"	0.0885847	0.0078083518	7.86883e-30	96
"17:27075423:T:C"	-0.0322168	0.0078491087	4.05143e-05	97
"17:27172520:C:T"	-0.0329513	0.0077910745	2.34363e-05	97
"17:27178761:T:C"	-0.0373528	0.0080198893	3.20018e-06	97
"17:27179590:C:T"	-0.0343804	0.0078878661	1.30863e-05	97
"17:27188296:C:A"	0.0319264	0.0088739806	0.000320961	97
"17:27195871:T:G"	0.0294956	0.0082645311	0.000358409	97
"17:27206029:A:G"	-0.0431733	0.0087101944	7.17256e-07	97
"17:27106769:AAAAT:A"	-0.0297421	0.0077762916	0.000130926	97
"17:31078272:T:C"	0.0434983	0.0081649983	9.96297e-08	98
"17:37922259:A:G"	0.010637	0.0069546349	0.126146	99
"17:37955555:A:G"	0.0168696	0.019195774	0.379501	99
"17:37970365:T:C"	0.00419985	0.013183638	0.750056	99
"17:37976469:T:C"	0.0116259	0.0068223993	0.0883669	99
"17:38004929:G:GATTT"	0.0117769	0.006923242	0.0889313	99
"17:38028634:T:G"	0.0149779	0.0068372796	0.0284781	99
"17:38040763:A:G"	0.01382	0.0068529293	0.0437314	99
"17:38051348:G:A"	0.0151233	0.0068420044	0.0270803	99
"17:38062196:A:G"	0.0146527	0.0068583342	0.0326399	99
"17:38062217:T:C"	0.015937	0.006828782	0.0196064	99
"17:38062390:T:C"	-0.0134281	0.03908418	0.731171	99
"17:38064469:C:T"	0.0143904	0.0068866729	0.0366529	99
"17:38066240:C:T"	0.0168039	0.0068493151	0.0141527	99
"17:38069076:A:G"	-0.0154824	0.0068475797	0.0237594	99
"17:38069949:T:C"	-0.0155913	0.0068413491	0.0226679	99
"17:38080865:G:A"	-0.0138056	0.0069335626	0.0464672	99
"17:38110689:G:T"	-0.025338	0.0074396459	0.000659683	99
"17:38121993:A:G"	-0.0327767	0.0073189832	7.52335e-06	99
"17:38122686:A:G"	0.0310713	0.0080422702	0.000111779	99
"17:38122708:C:T"	0.0339685	0.0079021399	1.71834e-05	99
"17:38131187:A:C"	-0.0386535	0.0068162609	1.42162e-08	99
"17:38137364:A:G"	0.0454166	0.006906602	4.83839e-11	99
"17:38143548:T:C"	0.0453897	0.0068514738	3.47652e-11	99
"17:38144229:A:G"	0.0450938	0.0068609222	4.94623e-11	99
"17:38145088:G:C"	0.0455233	0.0068594633	3.21098e-11	99
"17:38149724:C:T"	0.0458849	0.0068789038	2.55157e-11	99
"17:38153554:C:G"	0.0460998	0.0068931289	2.26583e-11	99
"17:38156712:T:C"	-0.0417846	0.0070179378	2.61705e-09	99
"17:38157841:C:T"	0.0433969	0.0071572227	1.33295e-09	99
"17:38163295:C:T"	-0.0418573	0.007019465	2.47612e-09	99
"17:38163567:A:G"	-0.041856	0.007024001	2.53787e-09	99
"17:38164025:G:T"	-0.036209	0.0069306313	1.74627e-07	99
"17:38164432:T:TTTTA"	-0.0357484	0.0069582159	2.78292e-07	99
"17:38165298:A:C"	-0.041924	0.0070376444	2.56721e-09	99
"17:38166003:A:G"	-0.0419329	0.0070448829	2.64443e-09	99
"17:38166879:C:T"	-0.0419547	0.0070499986	2.66456e-09	99
"17:38173143:A:G"	0.0452494	0.0072253291	3.78636e-10	99
"17:38173637:T:C"	-0.019305	0.038600351	0.616987	99
"17:38174855:G:T"	-0.0418343	0.007092601	3.67238e-09	99
"17:38175561:A:T"	-0.0418367	0.0070937079	3.6851e-09	99
"17:38179374:A:G"	-0.0304977	0.014834242	0.0397922	99
"17:38179492:G:A"	0.0454547	0.0072069994	2.84486e-10	99
"17:38189055:G:A"	0.0432408	0.0070005951	6.5446e-10	99
"17:38360551:C:T"	-0.021347	0.0085454017	0.0124868	99
"17:38715186:C:T"	0.041877	0.029795336	0.159876	99
"17:38764524:A:T"	-0.0605944	0.039059143	0.120818	99
"17:38006767:G:GCATATTATA"	0.0110984	0.0069291906	0.109223	99
"17:38169579:T:TA"	0.0477869	0.0076045627	3.30032e-10	99
"17:37922259:A:G"	0.0489735	0.0069655831	2.05388e-12	100
"17:37955555:A:G"	-0.00341702	0.019227996	0.85895	100
"17:37970365:T:C"	-0.0277837	0.013205731	0.0353861	100
"17:37976469:T:C"	0.046789	0.0068332149	7.52587e-12	100
"17:38004929:G:GATTT"	0.0495293	0.0069341395	9.1431e-13	100
"17:38028634:T:G"	0.0507628	0.0068480955	1.23763e-13	100
"17:38040763:A:G"	0.0514559	0.0068636535	6.53744e-14	100
"17:38051348:G:A"	0.0493124	0.0068528823	6.20565e-13	100
"17:38062196:A:G"	0.0545005	0.0068692642	2.12241e-15	100
"17:38062217:T:C"	0.0534407	0.0068397581	5.57373e-15	100
"17:38062390:T:C"	0.125882	0.039149822	0.00130272	100
"17:38064469:C:T"	0.0536251	0.0068976458	7.57969e-15	100
"17:38066240:C:T"	0.0513436	0.0068603104	7.20198e-14	100
"17:38069076:A:G"	-0.0534799	0.0068585694	6.31386e-15	100
"17:38069949:T:C"	-0.0536905	0.0068523188	4.67488e-15	100
"17:38080865:G:A"	-0.0534754	0.0069446856	1.35881e-14	100
"17:38110689:G:T"	-0.0765584	0.0074511206	9.15761e-25	100
"17:38121993:A:G"	-0.0871813	0.0073308408	1.29627e-32	100
"17:38122686:A:G"	0.0894913	0.0080545778	1.1134e-28	100
"17:38122708:C:T"	0.0903132	0.0079140847	3.65622e-30	100
"17:38131187:A:C"	-0.102264	0.0068271968	1.00744e-50	100
"17:38137364:A:G"	0.103096	0.0069176386	3.13415e-50	100
"17:38143548:T:C"	0.101832	0.0068625702	8.21484e-50	100
"17:38144229:A:G"	0.103405	0.0068720493	3.60286e-51	100
"17:38145088:G:C"	0.1021	0.0068706329	5.95308e-50	100
"17:38149724:C:T"	0.10291	0.0068900893	1.92082e-50	100
"17:38153554:C:G"	0.10349	0.0069043131	8.6557e-51	100
"17:38156712:T:C"	-0.109187	0.0070293334	2.07196e-54	100
"17:38157841:C:T"	0.0994143	0.0071684074	9.84034e-44	100
"17:38163295:C:T"	-0.109486	0.0070308655	1.12525e-54	100
"17:38163567:A:G"	-0.109532	0.0070354163	1.18734e-54	100
"17:38164025:G:T"	-0.0937347	0.0069415039	1.49107e-41	100
"17:38164432:T:TTTTA"	-0.0938671	0.0069691268	2.38254e-41	100
"17:38165298:A:C"	-0.109713	0.0070490544	1.27478e-54	100
"17:38166003:A:G"	-0.10977	0.0070563165	1.44319e-54	100
"17:38166879:C:T"	-0.109865	0.0070614487	1.39649e-54	100
"17:38173143:A:G"	0.100983	0.0072365184	2.94773e-44	100
"17:38173637:T:C"	0.144574	0.038665275	0.000184662	100
"17:38174855:G:T"	-0.109957	0.0071041396	4.89399e-54	100
"17:38175561:A:T"	-0.109941	0.0071051996	5.25179e-54	100
"17:38179374:A:G"	-0.118933	0.014859062	1.20381e-15	100
"17:38179492:G:A"	0.100849	0.0072181319	2.32388e-44	100
"17:38189055:G:A"	0.106935	0.0070119835	1.63662e-52	100
"17:38360551:C:T"	-0.0375117	0.0085594453	1.17332e-05	100
"17:38715186:C:T"	0.0506477	0.029836407	0.0895991	100
"17:38764524:A:T"	-0.0623278	0.039123937	0.111141	100
"17:38006767:G:GCATATTATA"	0.0489726	0.0069401069	1.70792e-12	100
"17:38169579:T:TA"	0.10873	0.0076163783	3.09753e-46	100
"17:37922259:A:G"	0.046106	0.0063624969	4.27643e-13	101
"17:37955555:A:G"	0.00751333	0.017462155	0.667004	101
"17:37970365:T:C"	-0.0119409	0.011974886	0.318685	101
"17:37976469:T:C"	0.0460892	0.006244575	1.57462e-13	101
"17:38004929:G:GATTT"	0.0467518	0.0063344461	1.57598e-13	101
"17:38028634:T:G"	0.0488504	0.0062550431	5.73045e-15	101
"17:38040763:A:G"	0.0482657	0.006268885	1.36881e-14	101
"17:38051348:G:A"	0.0482226	0.0062615447	1.34614e-14	101
"17:38062196:A:G"	0.0509526	0.0062750216	4.66432e-16	101
"17:38062217:T:C"	0.0512617	0.0062472668	2.2967e-16	101
"17:38062390:T:C"	0.0920723	0.035750547	0.0100121	101
"17:38064469:C:T"	0.0503873	0.0063004032	1.27007e-15	101
"17:38066240:C:T"	0.0504734	0.0062674313	8.06015e-16	101
"17:38069076:A:G"	-0.0506937	0.0062635057	5.79659e-16	101
"17:38069949:T:C"	-0.0508324	0.0062573915	4.52717e-16	101
"17:38080865:G:A"	-0.0515471	0.0063448958	4.50413e-16	101
"17:38110689:G:T"	-0.0699912	0.006805221	8.23781e-25	101
"17:38121993:A:G"	-0.0782564	0.0066994044	1.59273e-31	101
"17:38122686:A:G"	0.0812928	0.0073545635	2.11161e-28	101
"17:38122708:C:T"	0.082388	0.0072280448	4.26008e-30	101
"17:38131187:A:C"	-0.0893457	0.0062351525	1.43487e-46	101
"17:38137364:A:G"	0.0902282	0.006319914	3.05256e-46	101
"17:38143548:T:C"	0.0871342	0.0062711259	6.83737e-44	101
"17:38144229:A:G"	0.0881173	0.0062803419	1.01163e-44	101
"17:38145088:G:C"	0.0873753	0.0062787646	5.06281e-44	101
"17:38149724:C:T"	0.0880817	0.0062961191	1.79907e-44	101
"17:38153554:C:G"	0.0886131	0.0063089492	8.19609e-45	101
"17:38156712:T:C"	-0.0921342	0.0064206282	1.06991e-46	101
"17:38157841:C:T"	0.0866138	0.0065495605	6.34575e-40	101
"17:38163295:C:T"	-0.0924841	0.0064221951	5.12113e-47	101
"17:38163567:A:G"	-0.092522	0.0064262809	5.37279e-47	101
"17:38164025:G:T"	-0.0811138	0.0063432457	1.92809e-37	101
"17:38164432:T:TTTTA"	-0.0809652	0.0063683316	4.95987e-37	101
"17:38165298:A:C"	-0.0926732	0.0064387769	5.72675e-47	101
"17:38166003:A:G"	-0.0927289	0.006445417	6.26628e-47	101
"17:38166879:C:T"	-0.0928155	0.0064501148	6.0033e-47	101
"17:38173143:A:G"	0.0881226	0.0066119637	1.59572e-40	101
"17:38173637:T:C"	0.106439	0.035317718	0.0025802	101
"17:38174855:G:T"	-0.0930604	0.0064892084	1.21618e-46	101
"17:38175561:A:T"	-0.0930321	0.0064901771	1.33544e-46	101
"17:38179374:A:G"	-0.0971775	0.013604831	9.14021e-13	101
"17:38179492:G:A"	0.0880725	0.006595001	1.11594e-40	101
"17:38189055:G:A"	0.0912759	0.0064066835	4.6793e-46	101
"17:38360551:C:T"	-0.0226699	0.0078278499	0.0037788	101
"17:38715186:C:T"	0.0521866	0.027600064	0.0586491	101
"17:38764524:A:T"	-0.0147521	0.036040971	0.682309	101
"17:38006767:G:GCATATTATA"	0.0462243	0.0063409128	3.10303e-13	101
"17:38169579:T:TA"	0.0947199	0.006960686	3.59791e-42	101
"17:42442344:C:T"	0.038113	0.0066794467	1.15663e-08	102
"17:42449789:A:G"	0.0375092	0.0067249496	2.43821e-08	102
"17:42455022:T:TGAGCCCCTG"	0.0373683	0.0067568481	3.19423e-08	102
"17:42463054:C:G"	0.236051	0.033393999	1.56425e-12	102
"17:42594755:A:G"	0.210285	0.030106064	2.85265e-12	102
"17:43811072:G:A"	-0.0462671	0.0074889538	6.48919e-10	103
"17:43826637:A:G"	-0.0468865	0.0075755854	6.04866e-10	103
"17:43919096:G:A"	-0.0481556	0.0078164693	7.23843e-10	103
"17:44132659:A:G"	0.0207037	0.0089806109	0.0211454	103
"17:44227393:A:T"	-0.0470804	0.0084535141	2.55714e-08	103
"17:44633530:C:G"	0.0436941	0.0081362993	7.86223e-08	103
"17:43811072:G:A"	-0.0407776	0.0075223602	5.93183e-08	104
"17:43826637:A:G"	-0.0414231	0.0076094235	5.21921e-08	104
"17:43919096:G:A"	-0.0430325	0.0078513889	4.23179e-08	104
"17:44132659:A:G"	0.0148836	0.0090207116	0.0989565	104
"17:44227393:A:T"	-0.0426307	0.008491271	5.15225e-07	104
"17:44633530:C:G"	0.0474204	0.0081726054	6.53951e-09	104
"17:43811072:G:A"	-0.0518803	0.0073339054	1.50505e-12	105
"17:43826637:A:G"	-0.0524897	0.0074187829	1.49168e-12	105
"17:43919096:G:A"	-0.0528799	0.007654682	4.90821e-12	105
"17:44132659:A:G"	-0.0163894	0.008794688	0.0623838	105
"17:44227393:A:T"	-0.0538512	0.0082785569	7.77358e-11	105
"17:44906949:C:T"	0.0178995	0.008145246	0.0279815	105
"17:45811354:G:C"	-0.0141034	0.013808664	0.307093	105
"17:44633530:C:G"	0.0558254	0.0079677466	2.44547e-12	105
"18:43314962:G:C"	0.0640418	0.012234691	1.6548e-07	106
"18:43719682:A:G"	0.0550388	0.0069861186	3.31829e-15	106
"18:43793808:A:G"	0.059877	0.0070644418	2.33438e-17	106
"18:43808648:C:T"	0.0587559	0.0072178714	3.94153e-16	106
"18:43831259:G:A"	0.0599856	0.0071185524	3.55619e-17	106
"18:43833278:A:G"	0.058874	0.0071550719	1.89875e-16	106
"18:43845880:C:CTT"	0.042318	0.0062250996	1.06102e-11	106
"18:43849464:G:A"	0.0563346	0.0072602133	8.53692e-15	106
"18:43856297:A:G"	0.0419728	0.0062580964	1.98693e-11	106
"18:43314962:G:C"	-0.00118169	0.012600791	0.925285	107
"18:43719682:A:G"	-0.035872	0.0071951764	6.17763e-07	107
"18:43793808:A:G"	-0.0392396	0.0072758493	6.92394e-08	107
"18:43808648:C:T"	-0.0412686	0.0074338388	2.83313e-08	107
"18:43831259:G:A"	-0.0397443	0.0073315395	5.92654e-08	107
"18:43833278:A:G"	-0.0406939	0.0073691425	3.34816e-08	107
"18:43845880:C:CTT"	-0.0244763	0.0064113661	0.000134732	107
"18:43849464:G:A"	-0.0390945	0.0074774741	1.71077e-07	107
"18:43856297:A:G"	-0.0237173	0.0064453339	0.000233454	107
"18:43314962:G:C"	0.00662875	0.012284967	0.589485	108
"18:43719682:A:G"	-0.074736	0.0070149348	1.67315e-26	108
"18:43793808:A:G"	-0.0801191	0.0070936072	1.3959e-29	108
"18:43808648:C:T"	-0.079367	0.0072476373	6.59299e-28	108
"18:43831259:G:A"	-0.0794375	0.0071479117	1.07982e-28	108
"18:43833278:A:G"	-0.0788305	0.007184579	5.19978e-28	108
"18:43845880:C:CTT"	-0.0701798	0.0062508595	2.99791e-29	108
"18:43849464:G:A"	-0.076223	0.0072902238	1.38232e-25	108
"18:43856297:A:G"	-0.0698864	0.0062839727	9.87725e-29	108
"19:4366219:G:A"	0.112098	0.010388175	3.80044e-27	109
"19:4429007:T:C"	0.0776077	0.0079564622	1.77293e-22	109
"19:4426164:C:CT"	-0.0817386	0.0079472304	8.21718e-25	109
"19:4366219:G:A"	-0.0481745	0.010431379	3.87027e-06	110
"19:4429007:T:C"	-0.0384481	0.0079896454	1.49252e-06	110
"19:4426164:C:CT"	0.0414324	0.0079803365	2.08261e-07	110
"19:4366219:G:A"	-0.0636893	0.010699021	2.63568e-09	111
"19:4429007:T:C"	-0.0442142	0.0081945719	6.83134e-08	111
"19:4426164:C:CT"	0.0469869	0.0081849806	9.4339e-09	111
"19:12932269:A:G"	-0.0471517	0.0086396821	4.82671e-08	112
"19:12982233:A:C"	-0.0841311	0.0188591	8.15658e-06	112
"19:13000550:C:G"	0.054327	0.0070149348	9.59621e-15	112
"19:13001547:G:A"	0.0520059	0.0068259386	2.55883e-14	112
"19:13010520:G:A"	0.0231392	0.0077037448	0.0026677	112
"19:13024250:C:A"	-0.0487215	0.0069319765	2.08784e-12	112
"19:13037710:A:G"	-0.0600208	0.017359393	0.000545136	112
"19:12932269:A:G"	0.0513959	0.0083886284	8.9649e-10	113
"19:12982233:A:C"	0.0960834	0.018311162	1.54377e-07	113
"19:13000550:C:G"	-0.0590416	0.0068111076	4.38112e-18	113
"19:13001547:G:A"	-0.0584966	0.006627608	1.08295e-18	113
"19:13010520:G:A"	-0.0236166	0.0074798791	0.00159219	113
"19:13024250:C:A"	0.0559694	0.0067306074	9.12333e-17	113
"19:13037710:A:G"	0.069278	0.01685505	3.9527e-05	113
"19:16427111:G:A"	-0.0237829	0.013791943	0.0846351	114
"19:16430149:A:G"	-0.0494515	0.0096784809	3.231e-07	114
"19:16430447:G:T"	-0.0386725	0.0097781341	7.65336e-05	114
"19:16441973:A:G"	0.14322	0.012620972	7.60739e-30	114
"19:16442019:A:G"	0.143364	0.01262934	7.27322e-30	114
"19:16444697:A:C"	0.0625328	0.012812365	1.05731e-06	114
"19:16464027:G:A"	-0.0114525	0.014574455	0.431989	114
"19:16467759:G:A"	0.118659	0.011732531	4.80516e-24	114
"19:16477255:C:G"	0.107028	0.010048292	1.71789e-26	114
"19:16489447:T:C"	-0.116271	0.011293986	7.42551e-25	114
"19:16499569:T:C"	0.121212	0.011149279	1.57181e-27	114
"19:16527834:C:T"	-0.114935	0.010708438	7.1144e-27	114
"19:16576991:T:G"	-0.0550647	0.010259757	8.00332e-08	114
"19:16591464:A:G"	0.0796966	0.0082078894	2.74023e-22	114
"19:16601194:T:C"	0.0787842	0.0082229404	9.60659e-22	114
"19:16533225:CT:C"	-0.11895	0.010798775	3.22874e-28	114
"19:38765660:A:C"	-0.0198661	0.0064091882	0.00193772	115
"19:38794895:C:T"	-0.0223461	0.0077209942	0.0038013	115
"19:38912764:G:A"	-0.00603412	0.0067295204	0.369898	115
"19:39229959:A:G"	-0.0761638	0.012497157	1.09785e-09	115
"20:30427077:A:T"	-0.0376924	0.0079048259	1.85802e-06	116
"20:30433352:T:C"	-0.0374416	0.00792594	2.31346e-06	116
"20:31108108:C:A"	0.0388859	0.0079624174	1.04126e-06	116
"20:31140165:T:C"	0.0421867	0.0088898371	2.07976e-06	116
"20:31163914:G:C"	0.0340232	0.0074777537	5.36677e-06	116
"20:31125583:C:CT"	0.0381176	0.0080116008	1.9573e-06	116
"22:21917859:C:A"	0.0965287	0.011304787	1.3569e-17	117
"22:21939675:T:G"	0.0730935	0.008455873	5.42105e-18	117
"22:21964761:A:G"	0.0653431	0.007634462	1.13918e-17	117
"22:21969640:C:T"	0.0698682	0.0081580708	1.08759e-17	117
"22:21984379:A:G"	0.0800957	0.0095972053	7.07686e-17	117
"22:21932653:G:GA"	0.0739762	0.0084976207	3.16095e-18	117
"22:21938467:A:AT"	0.0838277	0.0097952787	1.14877e-17	117
"22:36758547:G:A"	0.00195083	0.0071599387	0.785266	118
"22:37425031:A:G"	-0.0704704	0.0077019055	5.70751e-20	118
"22:37445668:C:T"	-0.0978384	0.0076579647	2.23315e-37	118
"22:37462936:G:A"	-0.114104	0.0090059259	8.68868e-37	118
"22:37463450:T:C"	-0.0480537	0.01166446	3.79422e-05	118
"22:37467270:T:C"	-0.0780853	0.0081404057	8.61034e-22	118
"22:37467392:C:G"	-0.0774931	0.0081246649	1.45625e-21	118
"22:37469591:A:G"	-0.111604	0.0085770649	1.04672e-38	118
"22:37470224:C:T"	-0.111881	0.008628351	1.89124e-38	118
"22:37471290:A:G"	0.10167	0.017369404	4.81717e-09	118
"22:37482458:A:C"	0.0230148	0.087893543	0.793438	118
"22:37484337:C:T"	-0.0644771	0.0068195612	3.23964e-21	118
"22:37490692:T:C"	-0.0628506	0.0066471241	3.22144e-21	118
"22:37496847:T:C"	-0.0568545	0.0066858327	1.83568e-17	118
"22:37497593:A:G"	0.0292247	0.0070901369	3.75789e-05	118
"22:37506680:C:T"	0.0508581	0.0077708531	5.9594e-11	118
"22:37506713:T:G"	0.0509446	0.0077851304	5.99666e-11	118
"22:37506876:G:A"	0.0510818	0.0077812534	5.21308e-11	118
"22:37508424:C:G"	0.0509825	0.0078822704	9.93094e-11	118
"22:37508507:A:G"	0.0509811	0.0078846321	1.00714e-10	118
"22:37509087:T:C"	0.0503259	0.0098625165	3.34732e-07	118
"22:37509179:C:T"	0.0525516	0.0096960295	5.96269e-08	118
"22:37509186:C:A"	0.0525581	0.0096973458	5.96508e-08	118
"22:37510072:T:C"	-0.0555699	0.0076782506	4.57759e-13	118
"22:37511076:G:C"	0.0520537	0.0096887959	7.76331e-08	118
"22:37519864:C:T"	0.0458809	0.0091702736	5.63857e-07	118
"22:36758547:G:A"	0.0171476	0.0069493669	0.013606	119
"22:37425031:A:G"	-0.0832852	0.0074754059	7.90341e-29	119
"22:37445668:C:T"	-0.11143	0.007432789	8.31498e-51	119
"22:37462936:G:A"	-0.141392	0.0087411059	7.50297e-59	119
"22:37463450:T:C"	-0.0523422	0.011321438	3.77715e-06	119
"22:37467270:T:C"	-0.09489	0.0079010161	3.15278e-33	119
"22:37467392:C:G"	-0.0933721	0.0078857512	2.40703e-32	119
"22:37469591:A:G"	-0.133279	0.0083248004	1.09148e-57	119
"22:37470224:C:T"	-0.132812	0.0083746483	1.22028e-56	119
"22:37471290:A:G"	0.123072	0.016858602	2.87282e-13	119
"22:37482458:A:C"	-0.163543	0.085308946	0.0552297	119
"22:37484337:C:T"	-0.0830173	0.0066190098	4.38562e-36	119
"22:37490692:T:C"	-0.0815637	0.0064516545	1.23418e-36	119
"22:37496847:T:C"	-0.0696699	0.0064892084	6.8751e-27	119
"22:37497593:A:G"	0.0277126	0.0068816494	5.6484e-05	119
"22:37506680:C:T"	0.0475889	0.0075423313	2.79765e-10	119
"22:37506713:T:G"	0.0475409	0.0075561802	3.14113e-10	119
"22:37506876:G:A"	0.0475157	0.0075524138	3.14516e-10	119
"22:37508424:C:G"	0.0481121	0.0076504655	3.19979e-10	119
"22:37508507:A:G"	0.0481024	0.0076527489	3.26534e-10	119
"22:37509087:T:C"	0.0572656	0.0095724009	2.19949e-09	119
"22:37509179:C:T"	0.0577717	0.009410879	8.31358e-10	119
"22:37509186:C:A"	0.0577758	0.009412119	8.33448e-10	119
"22:37510072:T:C"	-0.0414809	0.0074524533	2.60575e-08	119
"22:37511076:G:C"	0.0550016	0.0094038876	4.95151e-09	119
"22:37519864:C:T"	0.0323736	0.0089005981	0.000275586	119
"22:41404939:C:T"	0.000911023	0.016780551	0.956704	120
"22:41719469:T:C"	-0.0466237	0.008969173	2.01224e-07	120
"22:41720697:G:A"	-0.0459	0.0096926462	2.18478e-06	120
"22:41720728:C:G"	-0.0459027	0.0096935858	2.18681e-06	120
"22:41777241:G:A"	-0.0535913	0.0095702022	2.14583e-08	120
